USPS	GEOID	POP10	HU10	ALAND	AWATER	ALAND_SQMI	AWATER_SQMI	INTPTLAT	INTPTLONG                                                                                                                  
AL	0101	687841	324819	16328134688	2276021380	    6304.328	     878.777	 31.032933	 -87.790581                                                                                                           
AL	0102	673877	302901	27152808010	321343075	   10483.758	     124.071	 31.745862	 -86.069252                                                                                                            
AL	0103	681298	317835	20250299127	437528306	    7818.685	     168.931	 33.046308	 -85.704818                                                                                                            
AL	0104	660162	298153	21646258918	429339626	    8357.668	     165.769	 34.075826	 -87.090359                                                                                                            
AL	0105	718724	319628	11568239167	575465476	    4466.522	     222.188	 34.746671	 -86.934546                                                                                                            
AL	0106	754482	325080	11785529086	256479324	    4550.418	      99.027	 33.272663	 -86.880879                                                                                                            
AL	0107	603352	283437	22439518090	300380345	    8663.947	     115.978	 32.432983	 -87.691350                                                                                                            
AK	0200	710231	306967	1477953211577	245383480336	  570640.950	   94743.095	 63.346191	-152.837068                                                                                                       
AZ	0401	774310	372146	151703536845	358036034	   58573.066	     138.238	 34.820650	-110.898861                                                                                                           
AZ	0402	972839	448741	52375539840	427829944	   20222.310	     165.186	 36.019196	-113.548031                                                                                                            
AZ	0403	707919	321905	1548960530	2478602	     598.057	       0.957	 33.796640	-112.051368                                                                                                               
AZ	0404	698314	254033	515396526	1082134	     198.996	       0.418	 33.425884	-112.112702                                                                                                                
AZ	0405	656833	324652	3636722812	44649463	    1404.147	      17.239	 33.676700	-111.613212                                                                                                              
AZ	0406	971733	418011	1873286875	1994975	     723.280	       0.770	 33.313421	-111.570848                                                                                                               
AZ	0407	855769	345021	59237358381	48676963	   22871.673	      18.794	 32.746653	-112.986309                                                                                                             
AZ	0408	754300	360017	23316512605	141448149	    9002.556	      54.613	 31.914153	-110.063611                                                                                                            
AR	0501	687694	316224	44457862360	922394422	   17165.277	     356.138	 35.496374	 -91.223027                                                                                                            
AR	0502	751377	334190	15301922190	353813514	    5908.105	     136.608	 35.083044	 -92.556434                                                                                                            
AR	0503	822564	358426	21932059083	500078955	    8468.016	     193.082	 35.891427	 -93.645745                                                                                                            
AR	0504	654283	307459	53079417775	1184252366	   20494.079	     457.242	 33.912550	 -92.924248                                                                                                           
CA	0601	704012	300712	28463542032	3119469292	   10989.835	    1204.434	 39.926364	-123.408849                                                                                                           
CA	0602	708596	300920	56300250429	625060684	   21737.649	     241.337	 40.540023	-122.346395                                                                                                            
CA	0603	783317	314650	8735297842	127502818	    3372.717	      49.229	 38.405372	-120.679855                                                                                                             
CA	0604	774261	361520	42502378256	1931066256	   16410.261	     745.589	 40.294012	-120.687361                                                                                                           
CA	0605	700443	281268	379971266	7988423	     146.708	       3.084	 38.564269	-121.449571                                                                                                                
CA	0606	664468	285216	4208691615	1278910013	    1624.985	     493.790	 38.307514	-122.881125                                                                                                            
CA	0607	655708	244527	897789074	250662814	     346.638	      96.781	 38.103406	-122.154558                                                                                                              
CA	0608	666827	320817	92171832	202083306	      35.588	      78.025	 37.787077	-122.429252                                                                                                               
CA	0609	648766	276872	342592407	51338368	     132.276	      19.822	 37.788680	-122.170862                                                                                                               
CA	0610	714750	273998	2605041228	205128972	    1005.812	      79.201	 38.006712	-121.851845                                                                                                             
CA	0611	796753	285353	5883446722	118682770	    2271.612	      45.824	 37.707461	-121.411409                                                                                                             
CA	0612	651322	250915	301369756	636131342	     116.360	     245.612	 37.571920	-122.262876                                                                                                              
CA	0613	665318	233743	574755571	153028400	     221.914	      59.085	 37.600816	-122.060366                                                                                                              
CA	0614	653935	260082	2139183684	531866413	     825.943	     205.355	 37.251973	-122.204452                                                                                                             
CA	0615	677605	245754	741541087	7429490	     286.311	       2.869	 37.336539	-121.945619                                                                                                                
CA	0616	676880	215261	593483954	5982017	     229.145	       2.310	 37.240233	-121.770722                                                                                                                
CA	0617	664240	232436	12375101345	1573695362	    4778.054	     607.607	 36.364220	-121.271389                                                                                                           
CA	0618	723607	236296	7917894428	130445391	    3057.116	      50.365	 37.238160	-120.806273                                                                                                             
CA	0619	757337	286978	17293073060	267865264	    6676.893	     103.423	 37.601987	-119.983575                                                                                                            
CA	0620	744350	203025	12878940244	24383667	    4972.587	       9.415	 36.130447	-119.981250                                                                                                             
CA	0621	784176	264200	20794710896	157548237	    8028.883	      60.830	 36.526252	-118.929670                                                                                                            
CA	0622	797084	301525	26944991471	131851497	   10403.520	      50.908	 35.297370	-119.085000                                                                                                            
CA	0623	695404	248648	2693920194	3725825998	    1040.128	    1438.550	 34.026062	-119.570860                                                                                                            
CA	0624	681622	249617	10047809783	719483447	    3879.481	     277.794	 34.546832	-119.572229                                                                                                            
CA	0625	844320	292735	55602652164	398702441	   21468.305	     153.940	 36.121802	-117.484656                                                                                                            
CA	0626	691452	245509	1946949808	8243175	     751.722	       3.183	 34.281518	-117.799988                                                                                                               
CA	0627	684496	244293	390160037	1734408	     150.642	       0.670	 34.259562	-118.471881                                                                                                                
CA	0628	660194	227115	198844682	2813818	      76.774	       1.086	 34.191786	-118.418707                                                                                                                
CA	0629	642138	253252	261621440	1249148	     101.013	       0.482	 34.159344	-118.193017                                                                                                                
CA	0630	662319	322272	739622305	264271145	     285.570	     102.036	 34.076898	-118.672879                                                                                                              
CA	0631	611336	209091	101803833	857637	      39.307	       0.331	 34.083970	-118.241811                                                                                                                 
CA	0632	642236	180623	236380980	4085029	      91.267	       1.577	 34.084929	-117.989558                                                                                                                
CA	0633	637122	265361	124597020	565595	      48.107	       0.218	 34.033781	-118.337787                                                                                                                 
CA	0634	654303	199038	150960763	1877799	      58.286	       0.725	 33.981853	-118.178911                                                                                                                
CA	0635	662413	215679	143006966	330753	      55.215	       0.128	 33.939766	-118.331085                                                                                                                 
CA	0636	659385	276818	193418586	123852548	      74.679	      47.820	 33.877294	-118.395594                                                                                                              
CA	0637	648847	210157	192294716	2526050	      74.245	       0.975	 33.844730	-118.216252                                                                                                                
CA	0638	641410	174405	270014049	3147273	     104.253	       1.215	 34.001461	-117.963213                                                                                                                
CA	0639	643115	182072	167624002	1319568	      64.720	       0.509	 33.868857	-118.047501                                                                                                                
CA	0640	665653	219968	259842884	2446507	     100.326	       0.945	 33.792610	-117.830186                                                                                                                
CA	0641	797133	337868	34495680022	80280061	   13318.857	      30.996	 34.619754	-115.747701                                                                                                             
CA	0642	667638	225177	817055258	6535070	     315.467	       2.523	 33.860194	-117.729743                                                                                                                
CA	0643	735581	205221	494485429	5543254	     190.922	       2.140	 34.090311	-117.445545                                                                                                                
CA	0644	844756	267928	1348925235	71539322	     520.823	      27.621	 33.775893	-117.491818                                                                                                              
CA	0645	914209	385899	15489895800	211586240	    5980.682	      81.694	 33.726592	-115.742704                                                                                                            
CA	0646	648663	259900	680229050	1457727061	     262.638	     562.832	 33.336370	-118.382946                                                                                                             
CA	0647	631422	159827	142288403	820565	      54.938	       0.317	 33.782814	-117.912378                                                                                                                 
CA	0648	727833	300728	548034821	231834276	     211.597	      89.512	 33.600951	-117.776167                                                                                                              
CA	0649	797428	276286	4387628232	216710357	    1694.073	      83.672	 33.336340	-117.065648                                                                                                             
CA	0650	753135	285761	779731829	165503471	     301.056	      63.901	 33.040958	-117.199791                                                                                                              
CA	0651	757891	232778	11871270622	809237289	    4583.523	     312.448	 33.017392	-115.476904                                                                                                            
CA	0652	673893	259521	5477636877	37222964	    2114.928	      14.372	 32.976170	-116.535356                                                                                                              
CA	0653	662854	290466	245706070	405117655	      94.868	     156.417	 32.733402	-117.209975                                                                                                              
CO	0801	662039	315940	442727558	4852997	     170.938	       1.874	 39.750750	-104.886813                                                                                                                
CO	0802	733805	338728	14516032915	153733426	    5604.672	      59.357	 39.897363	-106.178360                                                                                                            
CO	0803	706186	350383	139751897170	367300458	   53958.511	     141.816	 38.586256	-106.906229                                                                                                           
CO	0804	725041	303311	79929757670	483209686	   30861.053	     186.568	 39.418668	-103.322340                                                                                                            
CO	0805	725902	308852	19947636905	79592075	    7701.826	      30.731	 38.845470	-105.388983                                                                                                             
CO	0806	797813	315320	10611532027	36253078	    4097.136	      13.997	 39.396256	-104.517559                                                                                                             
CO	0807	678410	280364	3231662181	45159538	    1247.752	      17.436	 39.861420	-104.389290                                                                                                              
CT	0901	710951	302779	1690929632	50323489	     652.872	      19.430	 41.928463	 -73.017382                                                                                                              
CT	0902	729771	306597	5250774093	299624535	    2027.335	     115.686	 41.649662	 -72.210886                                                                                                             
CT	0903	712339	299662	1186241167	68917325	     458.010	      26.609	 41.374705	 -72.890059                                                                                                              
CT	0904	706740	277920	1181736310	214060608	     456.271	      82.649	 41.190281	 -73.393358                                                                                                             
CT	0905	714296	300933	3231960225	87476227	    1247.867	      33.775	 41.694322	 -73.210000                                                                                                              
DE	1000	897934	405885	5046703785	1399060967	    1948.543	     540.180	 38.993550	 -75.447374                                                                                                            
DC	1198	601723	296719	158114680	18884970	      61.048	       7.292	 38.904149	 -77.017094                                                                                                               
FL	1201	694158	319354	11934454822	1640486167	    4607.919	     633.395	 30.667434	 -86.547187                                                                                                           
FL	1202	737519	382821	24403729178	4456234423	    9422.333	    1720.562	 30.183411	 -84.463891                                                                                                           
FL	1203	659055	293428	4656837402	773597137	    1798.015	     298.688	 29.426662	 -81.731590                                                                                                             
FL	1204	744418	329688	10652413254	662118802	    4112.920	     255.646	 30.400998	 -82.526879                                                                                                            
FL	1205	929533	455930	10442845516	1992410438	    4032.005	     769.274	 28.792343	 -82.410882                                                                                                           
FL	1206	812727	363216	7556683110	278394329	    2917.652	     107.489	 30.072375	 -82.024767                                                                                                             
FL	1207	812442	386776	4637262382	1121070230	    1790.457	     432.848	 29.531774	 -81.352058                                                                                                            
FL	1208	805608	371254	2543020905	459210570	     981.866	     177.302	 28.842409	 -81.695212                                                                                                             
FL	1209	753549	355472	1609056729	462532197	     621.260	     178.585	 28.104167	 -82.475234                                                                                                             
FL	1210	633889	359060	441312437	720621201	     170.392	     278.233	 27.855992	 -82.746220                                                                                                              
FL	1211	673799	312773	609174835	582173751	     235.204	     224.779	 27.833618	 -82.512718                                                                                                              
FL	1212	842199	369469	4853312311	580163532	    1873.874	     224.002	 27.875529	 -81.773539                                                                                                             
FL	1213	757805	432623	6695457736	938785216	    2585.131	     362.467	 27.328793	 -82.118541                                                                                                             
FL	1214	858956	539492	2660152513	1790910029	    1027.091	     691.474	 26.504657	 -81.903971                                                                                                            
FL	1215	813570	420064	6590829402	1830570463	    2544.734	     706.787	 28.039879	 -80.901277                                                                                                            
FL	1216	797711	410431	11749342683	1849712932	    4536.447	     714.178	 27.106612	 -81.076316                                                                                                           
FL	1217	655160	247223	247660992	8220176	      95.622	       3.174	 25.926669	 -80.214235                                                                                                                
FL	1218	712790	359145	876874814	7400163094	     338.563	    2857.219	 25.034944	 -81.015384                                                                                                             
FL	1219	736419	376532	598641264	7184082	     231.137	       2.774	 26.452238	 -80.178269                                                                                                                
FL	1220	691727	355239	418658914	145546771	     161.645	      56.196	 26.096288	 -80.338240                                                                                                              
FL	1221	693501	241633	343314467	19847123	     132.554	       7.663	 25.837537	 -80.345855                                                                                                               
FL	1222	694259	388486	694379821	598651986	     268.102	     231.141	 26.535349	 -80.094212                                                                                                              
FL	1223	684107	282803	8695822688	893724408	    3357.476	     345.069	 26.575420	 -80.661186                                                                                                             
FL	1224	799233	359056	4085794147	866131273	    1577.534	     334.415	 28.717837	 -80.993235                                                                                                             
FL	1225	807176	277612	10890449274	1345707873	    4204.826	     519.581	 25.780222	 -80.951500                                                                                                           
GA	1301	722068	317608	29068478883	2639510430	   11223.403	    1019.121	 31.356073	 -82.246207                                                                                                           
GA	1302	631973	272862	28005897324	486999776	   10813.138	     188.032	 31.686456	 -84.334949                                                                                                            
GA	1303	817247	328065	10614637261	217866045	    4098.335	      84.119	 33.142018	 -84.684937                                                                                                            
GA	1304	665541	275192	850768852	13217972	     328.484	       5.103	 33.750979	 -84.135105                                                                                                               
GA	1305	630462	325002	634737356	4901053	     245.073	       1.892	 33.745656	 -84.429835                                                                                                                
GA	1306	767798	314059	1753722723	47122980	     677.116	      18.194	 34.162964	 -84.429568                                                                                                              
GA	1307	903191	330564	2493579907	39580042	     962.777	      15.282	 33.891997	 -83.857298                                                                                                              
GA	1308	715599	302649	18471026496	273603745	    7131.704	     105.639	 32.335262	 -83.470864                                                                                                            
GA	1309	823583	352312	11211737615	229230191	    4328.876	      88.506	 34.630788	 -84.484749                                                                                                            
GA	1310	738248	332094	15154154737	542489419	    5851.052	     209.456	 34.009054	 -83.114472                                                                                                            
GA	1311	794969	316549	6962569909	77758622	    2688.263	      30.023	 34.122006	 -85.072459                                                                                                              
GA	1312	692529	296490	22261115169	360279966	    8595.065	     139.105	 32.728059	 -82.209105                                                                                                            
GA	1313	784445	325355	1476810371	18636674	     570.200	       7.196	 33.796792	 -84.671869                                                                                                              
HI	1501	658672	245731	495648577	348398491	     191.371	     134.517	 21.328666	-157.865722                                                                                                              
HI	1502	701629	273777	16138881398	11330095967	    6231.257	    4374.575	 19.809767	-155.506103                                                                                                          
ID	1601	841930	360268	102208070873	1316715516	   39462.758	     508.387	 45.296750	-116.035842                                                                                                          
ID	1602	725652	307528	111836609984	1081172288	   43180.358	     417.443	 43.443944	-113.364275                                                                                                          
IL	1701	587596	253783	252729607	1811690	      97.579	       0.699	 41.675917	 -87.711605                                                                                                                
IL	1702	602758	246019	478986575	18459366	     184.938	       7.127	 41.581359	 -87.627389                                                                                                               
IL	1703	663381	251078	322452098	3248269	     124.499	       1.254	 41.764299	 -87.805168                                                                                                                
IL	1704	601156	214515	101576753	839429	      39.219	       0.324	 41.831869	 -87.710024                                                                                                                 
IL	1705	648610	286048	147765279	2310579	      57.052	       0.892	 41.948634	 -87.784846                                                                                                                
IL	1706	657131	250469	544366422	11594670	     210.181	       4.477	 41.940805	 -88.051089                                                                                                               
IL	1707	638105	318940	145739494	6727865	      56.270	       2.598	 41.872479	 -87.730597                                                                                                                
IL	1708	738840	286275	1591753775	82810285	     614.580	      31.973	 42.320507	 -88.169817                                                                                                              
IL	1709	628859	283306	195097712	5717295	      75.328	       2.207	 42.020909	 -87.780456                                                                                                                
IL	1710	650425	250124	644133247	9752635	     248.701	       3.766	 42.198120	 -87.902738                                                                                                                
IL	1711	759445	296293	10980350915	116587840	    4239.537	      45.015	 41.201466	 -88.634970                                                                                                            
IL	1712	666459	295348	11378966546	422998341	    4393.444	     163.321	 37.948725	 -89.497183                                                                                                            
IL	1713	773095	288883	914048314	22814491	     352.916	       8.809	 41.687951	 -88.051699                                                                                                               
IL	1714	840956	303613	7376316778	46409525	    2848.012	      17.919	 41.701076	 -89.158669                                                                                                              
IL	1715	681580	299439	26084405955	132798216	   10071.246	      51.274	 39.975033	 -88.168854                                                                                                            
IL	1716	718791	298518	10609102797	160111892	    4096.198	      61.820	 42.193442	 -89.461687                                                                                                            
IL	1717	634792	286892	21025192776	439646623	    8117.873	     169.749	 40.266806	 -90.429032                                                                                                            
IL	1718	665723	292824	21206549232	296052086	    8187.895	     114.306	 40.265616	 -89.963472                                                                                                            
IL	1719	672930	294348	29793828110	366836652	   11503.462	     141.636	 38.624289	 -88.887607                                                                                                            
IN	1801	705600	293387	5725969968	601970915	    2210.809	     232.422	 41.141017	 -87.248000                                                                                                             
IN	1802	679254	296758	9525697240	108096410	    3677.892	      41.736	 41.186477	 -86.495876                                                                                                             
IN	1803	723633	310649	8374809839	153231229	    3233.532	      59.163	 41.377727	 -85.414664                                                                                                             
IN	1804	789835	323030	10393698206	51340331	    4013.029	      19.823	 39.903415	 -86.646220                                                                                                             
IN	1805	809107	338091	8441545636	81364442	    3259.299	      31.415	 40.625568	 -85.589619                                                                                                              
IN	1806	676548	294127	14351278520	79178345	    5541.060	      30.571	 39.986315	 -85.281623                                                                                                             
IN	1807	676351	318975	676994824	7753215	     261.389	       2.994	 39.789403	 -86.142935                                                                                                                
IN	1808	694398	304264	18229372047	244671891	    7038.400	      94.468	 39.028783	 -87.246480                                                                                                            
IN	1809	729076	316260	17069827378	209397413	    6590.697	      80.849	 38.649611	 -86.051529                                                                                                            
IA	1901	596443	258882	18680211607	204744900	    7212.470	      79.052	 42.431693	 -91.433684                                                                                                            
IA	1902	620856	272537	19589233320	312148359	    7563.446	     120.521	 41.187394	 -91.840350                                                                                                            
IA	1903	642116	275774	18087499575	128006616	    6983.623	      49.424	 41.655120	 -92.698985                                                                                                            
IA	1904	609487	271461	40818455978	189490040	   15760.095	      73.163	 42.655383	 -93.554622                                                                                                            
IA	1905	577453	257763	47493896377	242205090	   18337.497	      93.516	 41.933526	 -95.271906                                                                                                            
KS	2001	655310	296216	148581674511	542764932	   57367.708	     209.563	 38.621142	 -99.371150                                                                                                           
KS	2002	710047	307097	36499563704	583112333	   14092.561	     225.141	 38.543097	 -95.461862                                                                                                            
KS	2003	767569	320360	2002672660	36629029	     773.236	      14.143	 38.933765	 -94.873273                                                                                                              
KS	2004	720192	309542	24670185038	183362636	    9525.212	      70.797	 37.478788	 -97.041672                                                                                                            
KY	2101	686989	316670	30034493452	1196032327	   11596.383	     461.791	 37.052041	 -87.277336                                                                                                           
KY	2102	760032	324758	19431455567	430100768	    7502.527	     166.063	 37.583254	 -85.994869                                                                                                            
KY	2103	721626	329592	938121294	40059441	     362.211	      15.467	 38.193720	 -85.652246                                                                                                               
KY	2104	741464	313865	14654430770	289180135	    5658.108	     111.653	 38.521100	 -84.079980                                                                                                            
KY	2105	670051	306146	27546897201	313013908	   10635.917	     120.855	 37.338536	 -83.502635                                                                                                            
KY	2106	759205	336133	9663743357	118183113	    3731.192	      45.631	 37.883881	 -84.447982                                                                                                             
LA	2201	686961	300921	6197212655	1158500401	    2392.757	     447.300	 30.552174	 -90.130908                                                                                                            
LA	2202	493352	243630	655901098	495010716	     253.245	     191.125	 30.029039	 -89.978889                                                                                                              
LA	2203	637371	259744	17440656998	16763827839	    6733.876	    6472.550	 29.649180	 -90.411137                                                                                                          
LA	2204	667109	295664	27841960643	1038955136	   10749.842	     401.143	 31.847467	 -93.341600                                                                                                           
LA	2205	644296	278063	35678052150	1163497058	   13775.374	     449.229	 31.894790	 -92.032676                                                                                                           
LA	2206	727498	298923	7962082041	350757005	    3074.177	     135.428	 30.589061	 -91.037927                                                                                                             
LA	2207	676785	288036	16121728867	2790595111	    6224.635	    1077.455	 30.106566	 -92.709272                                                                                                           
ME	2301	668515	350913	9152779454	4834094901	    3533.908	    1866.455	 43.873854	 -69.922422                                                                                                            
ME	2302	659846	370917	70730021226	6916217904	   27309.015	    2670.367	 45.484863	 -69.055935                                                                                                           
MD	2401	744275	343105	9360412929	225373702	    3614.076	      87.017	 38.765513	 -75.892728                                                                                                             
MD	2402	700893	292407	916736620	55681728	     353.954	      21.499	 39.362540	 -76.458506                                                                                                               
MD	2403	719856	307724	757214966	2860635	     292.362	       1.104	 39.050906	 -76.571359                                                                                                                
MD	2404	714316	272673	814777480	9423981	     314.587	       3.639	 39.030290	 -77.002197                                                                                                                
MD	2405	767369	289640	3862179916	35000018	    1491.196	      13.514	 38.563923	 -76.763589                                                                                                              
MD	2406	738943	297467	7910365721	111807538	    3054.209	      43.169	 39.558122	 -77.864508                                                                                                             
MD	2407	659776	288668	758018386	7965326	     292.673	       3.075	 39.277181	 -76.894602                                                                                                                
MD	2408	728124	287129	760929194	32944972	     293.796	      12.720	 39.098176	 -77.246024                                                                                                               
MA	2501	644956	283289	8003587300	261195390	    3090.202	     100.848	 42.425603	 -72.683487                                                                                                             
MA	2502	661045	273153	2383136197	83583944	     920.134	      32.272	 42.146101	 -72.094294                                                                                                              
MA	2503	664919	269368	1499467301	85231354	     578.948	      32.908	 42.290238	 -71.805018                                                                                                              
MA	2504	656083	272158	1883514639	301839857	     727.229	     116.541	 41.833595	 -71.017709                                                                                                             
MA	2505	662269	253587	1455931926	51808528	     562.138	      20.003	 42.564685	 -71.404675                                                                                                              
MA	2506	650161	271791	1223035146	860214503	     472.217	     332.131	 42.620733	 -70.859233                                                                                                             
MA	2507	648162	274070	438108207	48616424	     169.155	      18.771	 42.391391	 -71.224973                                                                                                               
MA	2508	660414	284785	105428126	133293129	      40.706	      51.465	 42.329361	 -70.927986                                                                                                              
MA	2509	650381	263038	804914981	23040688	     310.779	       8.896	 42.130123	 -71.088407                                                                                                               
MA	2510	649239	363015	2404933982	5284860019	     928.550	    2040.496	 41.736995	 -70.441181                                                                                                            
MI	2601	650222	418021	64303858600	21654225006	   24827.860	    8360.743	 45.965892	 -86.073343                                                                                                          
MI	2602	698831	325247	13701559105	7076996400	    5290.202	    2732.444	 43.660485	 -86.168146                                                                                                           
MI	2603	694695	285897	4767682064	145797303	    1840.812	      56.293	 42.864178	 -85.321503                                                                                                             
MI	2604	686378	339511	19226795450	1630957851	    7423.508	     629.716	 43.963588	 -84.964008                                                                                                           
MI	2605	635129	286454	4500380866	939603247	    1737.607	     362.783	 43.376249	 -83.615728                                                                                                             
MI	2606	671883	310455	8592834369	2289008923	    3317.712	     883.791	 42.189062	 -86.015572                                                                                                            
MI	2607	676899	297508	11088084053	218832081	    4281.133	      84.492	 42.143028	 -84.535984                                                                                                            
MI	2608	707572	292443	5784371227	139938813	    2233.358	      54.031	 42.745413	 -84.159446                                                                                                             
MI	2609	657590	290371	801810861	35490732	     309.581	      13.703	 42.616273	 -83.260550                                                                                                               
MI	2610	719712	307791	9147735234	5077427234	    3531.960	    1960.406	 43.451886	 -82.809010                                                                                                            
MI	2611	695888	297433	1030443846	41218859	     397.857	      15.915	 42.457719	 -83.501550                                                                                                              
MI	2612	636601	290714	414767905	86701102	     160.143	      33.475	 42.508987	 -83.002143                                                                                                               
MI	2613	519570	250337	280379370	96223273	     108.255	      37.152	 42.364884	 -83.002713                                                                                                               
MI	2614	550465	251595	315890017	27912755	     121.966	      10.777	 42.297166	 -83.184129                                                                                                               
MI	2615	682205	288456	2478482251	80412942	     956.947	      31.048	 42.039989	 -83.526490                                                                                                              
MN	2701	644787	277382	34462275389	554678308	   13305.959	     214.163	 43.895235	 -93.904030                                                                                                            
MN	2702	732515	283583	7826702653	340127460	    3021.907	     131.324	 44.533837	 -93.251321                                                                                                             
MN	2703	650185	270976	1203647438	126012269	     464.731	      48.654	 45.021203	 -93.513086                                                                                                             
MN	2704	614624	262437	510623511	58464019	     197.153	      22.573	 44.995771	 -93.083523                                                                                                               
MN	2705	616482	286697	320220379	15485125	     123.638	       5.979	 44.978114	 -93.292832                                                                                                               
MN	2706	759478	292859	7951908435	431134882	    3070.249	     166.462	 45.383003	 -93.884589                                                                                                             
MN	2707	625512	307253	82410267758	4987979498	   31818.784	    1925.870	 46.696684	 -95.675245                                                                                                           
MN	2708	660342	366014	71546663636	12416573076	   27624.322	    4794.066	 47.240005	 -92.932319                                                                                                          
MS	2801	788095	338959	29572686844	594161948	   11418.079	     229.407	 34.246513	 -89.121132                                                                                                            
MS	2802	668263	275574	35328727723	766438449	   13640.499	     295.924	 33.095326	 -90.438054                                                                                                            
MS	2803	756924	328735	34127071882	350169668	   13176.537	     135.201	 32.078375	 -89.761028                                                                                                            
MS	2804	754015	331451	22502229479	2196237730	    8688.160	     847.972	 31.082107	 -89.028480                                                                                                           
MO	2901	587069	278916	563269851	23227493	     217.480	       8.968	 38.743414	 -90.314161                                                                                                               
MO	2902	706622	284293	3223052051	116117725	    1244.427	      44.833	 38.890891	 -90.760613                                                                                                             
MO	2903	625251	289499	3220837682	50574429	    1243.572	      19.527	 38.138403	 -90.384531                                                                                                              
MO	2904	679375	325468	37552992456	858054412	   14499.292	     331.297	 38.229777	 -93.482912                                                                                                            
MO	2905	633887	297035	1322717021	21333985	     510.704	       8.237	 38.935710	 -94.418910                                                                                                              
MO	2906	693974	301660	33673658754	319738972	   13001.473	     123.452	 39.899089	 -93.908162                                                                                                            
MO	2907	721754	329492	14177642869	209649181	    5474.019	      80.946	 36.971814	 -93.781234                                                                                                            
MO	2908	656894	300159	48306325110	437664559	   18651.177	     168.983	 37.110933	 -90.976139                                                                                                            
MO	2909	684101	306207	35999220507	464202956	   13899.377	     179.230	 39.180906	 -91.824371                                                                                                            
MT	3000	989415	482825	376961878670	3869200368	  145545.801	    1493.907	 47.051177	-109.634817                                                                                                          
NE	3101	626092	267026	30874219004	294366710	   11920.603	     113.656	 41.244418	 -96.638101                                                                                                            
NE	3102	638871	267934	1056196735	33171223	     407.800	      12.807	 41.264887	 -96.124342                                                                                                              
NE	3103	561378	261833	167043265722	1028681916	   64495.768	     397.176	 41.612393	-100.411045                                                                                                          
NV	3201	820134	345811	458320250	137478	     176.958	       0.053	 36.226615	-115.178752                                                                                                                 
NV	3202	836562	373648	271997241503	1612452194	  105018.727	     622.571	 39.477717	-116.725512                                                                                                          
NV	3203	1043855	454355	11876375788	435172006	    4585.495	     168.021	 36.106990	-114.882094                                                                                                           
NH	3301	657984	310651	6333155788	633153772	    2445.245	     244.462	 43.438731	 -71.187260                                                                                                             
NH	3302	658486	304103	16854103489	393805384	    6507.406	     152.049	 43.764181	 -71.721452                                                                                                            
NJ	3401	669169	267137	859053481	52484589	     331.682	      20.264	 39.783457	 -75.062621                                                                                                               
NJ	3402	692205	343291	5074774392	1877811077	    1959.381	     725.027	 39.388968	 -74.938547                                                                                                            
NJ	3403	680341	312764	2372936025	682536131	     916.196	     263.529	 39.826052	 -74.447891                                                                                                             
NJ	3404	724596	289031	1849112976	124397564	     713.947	      48.030	 40.123780	 -74.396862                                                                                                             
NJ	3405	666551	254535	2835881244	92337934	    1094.940	      35.652	 41.163616	 -74.881775                                                                                                              
NJ	3406	668806	260356	506902580	498272818	     195.716	     192.384	 40.472452	 -74.012492                                                                                                              
NJ	3407	672885	251424	1531698997	28520157	     591.392	      11.012	 40.603584	 -74.714037                                                                                                              
NJ	3408	660424	238665	276034221	7753874	     106.577	       2.994	 40.876007	 -74.215126                                                                                                                
NJ	3409	661379	270364	239468507	20302438	      92.459	       7.839	 40.852999	 -74.060355                                                                                                               
NJ	3410	634343	254620	172006649	7807070	      66.412	       3.014	 40.703333	 -74.216456                                                                                                                
NJ	3411	674349	259240	1554628087	71135198	     600.245	      27.465	 40.858581	 -74.547427                                                                                                              
NJ	3412	701881	271849	1628908973	34780977	     628.925	      13.429	 40.378202	 -74.582878                                                                                                              
NJ	3413	684965	280286	145935559	45890382	      56.346	      17.718	 40.655819	 -74.137840                                                                                                               
NM	3501	701939	302122	12208284018	17760839	    4713.645	       6.857	 34.745275	-106.048228                                                                                                             
NM	3502	663956	289845	179858932582	400511483	   69443.925	     154.638	 33.367419	-106.375292                                                                                                           
NM	3503	693284	309421	122093531640	338387351	   47140.578	     130.652	 35.918514	-105.660799                                                                                                           
NY	3601	705559	301066	1676305581	3360100175	     647.225	    1297.342	 40.983885	 -72.549522                                                                                                            
NY	3602	679893	227575	618272303	234712841	     238.716	      90.623	 40.800076	 -73.289558                                                                                                              
NY	3603	645508	235337	469559882	549623680	     181.298	     212.211	 40.707747	 -73.481691                                                                                                              
NY	3604	663407	222392	232567962	35884624	      89.795	      13.855	 40.675820	 -73.654080                                                                                                               
NY	3605	670130	244415	170904208	49289662	      65.986	      19.031	 40.796263	 -73.728090                                                                                                               
NY	3606	651764	218334	101828659	18155582	      39.316	       7.010	 40.657231	 -73.778299                                                                                                               
NY	3607	667632	256096	68175643	41054142	      26.323	      15.851	 40.823263	 -73.832407                                                                                                                
NY	3608	713512	364297	38519481	34406690	      14.872	      13.284	 40.671468	 -74.006714                                                                                                                
NY	3609	660306	276317	95922937	172165650	      37.036	      66.474	 40.593475	 -73.881222                                                                                                               
NY	3610	677721	265836	46544139	340529	      17.971	       0.131	 40.634924	 -73.890190                                                                                                                  
NY	3611	632408	255655	31151203	283405	      12.028	       0.109	 40.656593	 -73.954821                                                                                                                  
NY	3612	672358	261897	48161221	3328923	      18.595	       1.285	 40.705481	 -73.923356                                                                                                                 
NY	3613	686525	272440	167331923	125795484	      64.607	      48.570	 40.566974	 -74.126314                                                                                                              
NY	3614	652681	378456	32362211	5191483	      12.495	       2.004	 40.760894	 -73.949683                                                                                                                 
NY	3615	639873	270964	26574909	14013038	      10.261	       5.410	 40.817227	 -73.937461                                                                                                                
NY	3616	693819	240891	30586075	2353991	      11.809	       0.909	 40.831317	 -73.903272                                                                                                                 
NY	3617	678558	258692	328355955	49942125	     126.779	      19.283	 41.073695	 -74.002771                                                                                                               
NY	3618	674825	255609	571789457	127819639	     220.769	      49.351	 41.064657	 -73.796331                                                                                                              
NY	3619	699959	262735	3608445026	199186159	    1393.228	      76.906	 41.399589	 -74.001768                                                                                                             
NY	3620	683198	337599	18129238443	518095554	    6999.738	     200.038	 43.666540	 -73.786212                                                                                                            
NY	3621	679193	308779	4999994055	82290567	    1930.509	      31.773	 42.704647	 -74.233137                                                                                                              
NY	3622	679297	309721	8390141161	242605593	    3239.452	      93.671	 41.881002	 -74.860643                                                                                                             
NY	3623	664245	323671	34218646144	3950665509	   13211.894	    1525.361	 44.432955	 -74.160828                                                                                                           
NY	3624	657222	296614	15946367294	520131700	    6156.927	     200.824	 42.541730	 -76.435888                                                                                                            
NY	3625	668869	289687	4186008019	2441757327	    1616.227	     942.768	 43.228042	 -76.738460                                                                                                            
NY	3626	674804	281177	7067586114	50912896	    2728.810	      19.658	 42.920728	 -78.148513                                                                                                              
NY	3627	629271	295036	4733398873	1596217201	    1827.576	     616.303	 42.447871	 -79.176914                                                                                                            
NY	3628	611838	292019	1380003534	4532582597	     532.822	    1750.040	 43.371730	 -78.190712                                                                                                            
NY	3629	663727	304796	14642064535	281017334	    5653.333	     108.501	 42.384274	 -77.704511                                                                                                            
NC	3701	635936	293617	18643305296	1209305382	    7198.221	     466.915	 35.969487	 -77.229712                                                                                                           
NC	3702	741576	302854	10234953225	70639388	    3951.738	      27.274	 35.551057	 -78.585715                                                                                                             
NC	3703	735979	357210	15977349544	10041471039	    6168.889	    3877.034	 35.398951	 -76.624894                                                                                                          
NC	3704	826878	350715	3232823219	127264437	    1248.200	      49.137	 35.912791	 -78.955129                                                                                                             
NC	3705	693414	331512	11363387673	94707432	    4387.429	      36.567	 36.227115	 -80.878752                                                                                                             
NC	3706	714412	319686	7592403584	145357443	    2931.444	      56.123	 35.711400	 -79.778285                                                                                                             
NC	3707	742938	368118	15722366165	1145533589	    6070.440	     442.293	 34.525002	 -78.427169                                                                                                           
NC	3708	709449	303504	8492070814	101851210	    3278.807	      39.325	 35.112472	 -79.948412                                                                                                             
NC	3709	852377	356379	2552133388	84976248	     985.384	      32.810	 35.152497	 -80.832846                                                                                                              
NC	3710	689468	314888	8546006586	160706691	    3299.632	      62.049	 35.671923	 -81.570084                                                                                                             
NC	3711	703606	379135	15601297820	167300184	    6023.695	      64.595	 35.430865	 -82.947290                                                                                                            
NC	3712	736346	319830	2122145413	21858189	     819.365	       8.439	 35.735805	 -80.461593                                                                                                              
NC	3713	753104	330080	5839548480	100215099	    2254.662	      38.693	 36.276353	 -79.101537                                                                                                             
ND	3800	672591	317498	178711239147	4396568298	   69000.798	    1697.525	 47.456954	-100.461930                                                                                                          
OH	3901	598699	278492	1077527730	11379094	     416.036	       4.393	 39.266441	 -84.643708                                                                                                              
OH	3902	673873	293676	6753269987	62487353	    2607.452	      24.127	 38.979588	 -83.639172                                                                                                              
OH	3903	640899	291914	4129775615	40712225	    1594.515	      15.719	 39.433341	 -83.915665                                                                                                              
OH	3904	632771	272893	11953610487	68433373	    4615.315	      26.422	 40.599500	 -83.563291                                                                                                             
OH	3905	627799	267530	15855947653	97974246	    6122.016	      37.828	 41.186299	 -83.773435                                                                                                             
OH	3906	623742	279679	13410045323	154689777	    5177.648	      59.726	 39.649324	 -81.552233                                                                                                            
OH	3907	683371	286189	7352891543	64389633	    2838.967	      24.861	 39.701373	 -83.142780                                                                                                              
OH	3908	663644	278788	5204592689	54554064	    2009.505	      21.063	 39.955330	 -84.521322                                                                                                              
OH	3909	619010	290716	2843644974	2278571270	    1097.938	     879.761	 41.540878	 -82.833920                                                                                                            
OH	3910	599205	281737	504095514	2284579	     194.632	       0.882	 41.411105	 -81.775643                                                                                                                
OH	3911	540432	281570	348335557	1749517	     134.493	       0.675	 41.492288	 -81.553662                                                                                                                
OH	3912	756303	328753	2620503907	50594894	    1011.782	      19.535	 40.178403	 -82.836751                                                                                                              
OH	3913	649102	285248	1371502748	1099081648	     529.540	     424.358	 41.491961	 -82.105510                                                                                                            
OH	3914	648128	276195	4636713732	72955505	    1790.245	      28.168	 41.567593	 -81.003091                                                                                                              
OH	3915	681557	298406	3031879355	30687980	    1170.615	      11.849	 40.056109	 -83.308009                                                                                                              
OH	3916	644691	274760	4480912244	28850912	    1730.090	      11.139	 40.859948	 -81.778560                                                                                                              
OH	3917	600111	274837	2597721695	76856322	    1002.986	      29.674	 41.179960	 -80.980035                                                                                                              
OH	3918	653167	286124	17655722564	154708201	    6816.913	      59.733	 39.955428	 -82.006416                                                                                                            
OK	4001	754310	332148	4489831718	146497538	    1733.534	      56.563	 36.224601	 -95.787501                                                                                                             
OK	4002	729887	337891	53169241466	1805247291	   20528.760	     697.010	 35.167640	 -95.429676                                                                                                           
OK	4003	732394	324436	88239393175	813269011	   34069.422	     314.005	 36.105809	 -98.840225                                                                                                            
OK	4004	785424	336644	26408991810	553131813	   10196.569	     213.565	 34.561775	 -97.691497                                                                                                            
OK	4005	749336	333259	5352563387	59066845	    2066.636	      22.806	 35.307879	 -96.989604                                                                                                              
OR	4101	802570	343010	7626098546	754721694	    2944.453	     291.400	 45.720516	-123.352142                                                                                                             
OR	4102	769987	356417	179979124883	1903167099	   69490.332	     734.817	 43.837494	-119.596850                                                                                                          
OR	4103	762155	320017	2633002576	98350187	    1016.608	      37.973	 45.431498	-122.246103                                                                                                              
OR	4104	739234	332423	44477779279	2227629202	   17172.967	     860.092	 43.490431	-123.245543                                                                                                           
OR	4105	757128	323695	13891796971	1207565046	    5363.653	     466.243	 45.017284	-123.169399                                                                                                           
PA	4201	655146	274921	151481390	24233565	      58.487	       9.357	 39.930932	 -75.212394                                                                                                               
PA	4202	630277	298331	151473045	3703909	      58.484	       1.430	 40.015462	 -75.182928                                                                                                                
PA	4203	640356	286057	10277394251	2096971085	    3968.124	     809.645	 41.604579	 -79.973676                                                                                                           
PA	4204	647418	286490	3365732993	46843741	    1299.517	      18.086	 40.762001	 -80.196410                                                                                                              
PA	4205	651762	319878	28553907352	211143693	   11024.726	      81.523	 41.393364	 -78.297753                                                                                                            
PA	4206	726465	290122	2096233151	23993594	     809.360	       9.264	 40.184724	 -75.703560                                                                                                              
PA	4207	673623	272888	749033643	10282337	     289.204	       3.970	 39.979412	 -75.435416                                                                                                               
PA	4208	672685	264892	1595519550	45612211	     616.034	      17.611	 40.338345	 -75.103627                                                                                                              
PA	4209	666810	297557	18524287745	122740093	    7152.268	      47.390	 40.222880	 -78.319682                                                                                                            
PA	4210	669257	329170	16939046549	317161140	    6540.203	     122.457	 41.457250	 -76.163799                                                                                                            
PA	4211	687860	321338	5737990880	85771250	    2215.451	      33.116	 41.062446	 -75.839390                                                                                                              
PA	4212	612384	285677	7134756034	72553429	    2754.745	      28.013	 40.211658	 -79.541383                                                                                                              
PA	4213	674188	272974	657024455	10120818	     253.679	       3.908	 40.194224	 -75.263652                                                                                                               
PA	4214	584493	301043	418973033	20241345	     161.766	       7.815	 40.416380	 -79.928950                                                                                                               
PA	4215	721828	291851	2173579701	29309233	     839.224	      11.316	 40.647440	 -75.469281                                                                                                              
PA	4216	723977	278395	3322516453	112381347	    1282.831	      43.391	 40.005635	 -76.152149                                                                                                             
PA	4217	681835	298871	6044732117	118736117	    2333.884	      45.844	 40.507502	 -76.414230                                                                                                             
PA	4218	653385	294981	3707036278	13786100	    1431.295	       5.323	 40.270953	 -79.954984                                                                                                              
PA	4219	728630	301879	4282345694	31537724	    1653.423	      12.177	 39.939358	 -76.934963                                                                                                              
RI	4401	519021	231274	830638165	631588015	     320.711	     243.858	 41.488192	 -71.268037                                                                                                              
RI	4402	533546	232114	1846928289	692080524	     713.103	     267.214	 41.547698	 -71.607914                                                                                                             
SC	4501	856956	457499	6841708700	2011650581	    2641.599	     776.703	 33.397846	 -79.393094                                                                                                            
SC	4502	825324	378187	12316633526	1246996634	    4755.479	     481.468	 33.715493	 -81.402781                                                                                                           
SC	4503	722675	329508	13902093325	518260956	    5367.628	     200.102	 34.250690	 -82.304015                                                                                                            
SC	4504	770226	334523	5548551433	60095042	    2142.308	      23.203	 34.851033	 -82.044642                                                                                                              
SC	4505	767773	333344	18215273817	279423788	    7032.957	     107.886	 34.547616	 -80.658274                                                                                                            
SC	4506	682410	304622	21032581143	959404884	    8120.725	     370.428	 33.509029	 -80.222285                                                                                                            
SD	4600	814180	363438	196349580075	3379099963	   75811.000	    1304.678	 44.446796	-100.238176                                                                                                          
TN	4701	684093	335399	10606974812	204131083	    4095.376	      78.815	 36.227860	 -82.779682                                                                                                            
TN	4702	723798	325808	6287599162	166102305	    2427.656	      64.132	 35.655907	 -84.166181                                                                                                             
TN	4703	692346	311728	8833343271	482948171	    3410.573	     186.467	 35.383393	 -84.925824                                                                                                             
TN	4704	688008	314237	25997933988	302612105	   10037.859	     116.839	 35.682006	 -85.835174                                                                                                            
TN	4705	707420	314230	2318612275	93420017	     895.221	      36.070	 36.206730	 -86.728914                                                                                                              
TN	4706	788754	327396	14194356061	247684886	    5480.472	      95.632	 36.129341	 -86.136284                                                                                                            
TN	4707	792605	320807	16298131774	149612673	    6292.744	      57.766	 35.473015	 -88.288098                                                                                                            
TN	4708	658258	287009	21410853861	678166049	    8266.777	     261.841	 36.020483	 -88.684852                                                                                                            
TN	4709	610823	275519	850080788	30541576	     328.218	      11.792	 35.083031	 -89.968436                                                                                                               
TX	4801	723464	309045	22013576864	1080805716	    8499.490	     417.301	 32.023810	 -94.519690                                                                                                           
TX	4802	782375	305494	4924773964	723254740	    1901.466	     279.250	 29.935241	 -94.544334                                                                                                             
TX	4803	842449	328287	684924936	6427919	     264.451	       2.482	 33.042581	 -96.686046                                                                                                                
TX	4804	846142	344319	24474080150	1007566280	    9449.496	     389.024	 33.364215	 -95.531684                                                                                                           
TX	4805	725642	295673	13987837095	541401550	    5400.734	     209.036	 32.251606	 -95.697533                                                                                                            
TX	4806	809095	319135	16049406269	357831444	    6196.711	     138.159	 31.699152	 -96.098575                                                                                                            
TX	4807	780611	359803	508767539	2899945	     196.436	       1.120	 29.826435	 -95.556564                                                                                                                
TX	4808	833770	344757	21027724415	767365678	    8118.850	     296.282	 30.598808	 -94.672830                                                                                                            
TX	4809	733796	285758	395295865	3249987	     152.625	       1.255	 29.658505	 -95.493065                                                                                                                
TX	4810	981367	382736	9799514789	161623544	    3783.614	      62.403	 30.174661	 -96.535801                                                                                                             
TX	4811	710682	315910	90614148780	517783383	   34986.320	     199.917	 31.511706	-100.560258                                                                                                            
TX	4812	831100	329668	5613229586	130402819	    2167.280	      50.349	 32.965975	 -97.674481                                                                                                             
TX	4813	672781	293808	103860453641	784763797	   40100.747	     302.999	 34.635132	-100.506500                                                                                                           
TX	4814	779704	333164	18188753598	6104964125	    7022.717	    2357.140	 28.998255	 -95.981366                                                                                                           
TX	4815	787124	276309	27762946504	336136645	   10719.334	     129.783	 27.927915	 -97.915046                                                                                                            
TX	4816	757427	257908	1490418607	5184259	     575.454	       2.002	 31.823809	-106.341125                                                                                                               
TX	4817	760042	312852	19825233246	399741676	    7654.566	     154.341	 31.516000	 -96.917240                                                                                                            
TX	4818	720991	287153	584655953	4008815	     225.737	       1.548	 29.936279	 -95.473505                                                                                                                
TX	4819	698137	291459	65377743328	293799151	   25242.489	     113.436	 33.341296	-101.243344                                                                                                            
TX	4820	711705	272762	475139022	3085729	     183.452	       1.191	 29.445993	 -98.569818                                                                                                                
TX	4821	856954	371280	13260987198	154549811	    5120.096	      59.672	 29.974831	 -98.918560                                                                                                            
TX	4822	910877	336250	2471493400	125697234	     954.249	      48.532	 29.484137	 -95.483951                                                                                                             
TX	4823	847651	312777	125375636369	412086272	   48407.806	     159.107	 30.299561	-102.583818                                                                                                           
TX	4824	792319	321268	869831131	55748534	     335.844	      21.525	 32.833605	 -97.005135                                                                                                               
TX	4825	814381	343847	15911033458	104960887	    6143.285	      40.526	 29.741080	 -97.236583                                                                                                            
TX	4826	915137	346820	3324493529	233713925	    1283.594	      90.237	 33.274495	 -97.118717                                                                                                             
TX	4827	741993	282141	12212710104	4153763466	    4715.354	    1603.777	 26.995968	 -97.568964                                                                                                           
TX	4828	851824	283316	35257840781	324156605	   13613.129	     125.158	 27.989995	 -98.879458                                                                                                            
TX	4829	677032	223504	593411026	53912633	     229.117	      20.816	 29.784336	 -95.207186                                                                                                               
TX	4830	706469	280685	814198234	12788597	     314.364	       4.938	 32.677038	 -96.757412                                                                                                               
TX	4831	902101	356179	18426314167	204835992	    7114.440	      79.088	 31.280637	 -97.595614                                                                                                            
TX	4832	640419	273369	410424430	6108156	     158.466	       2.358	 32.860139	 -96.854089                                                                                                                
UT	4901	906660	331644	53878646129	4910885210	   20802.662	    1896.103	 40.948710	-112.726568                                                                                                           
UT	4902	890993	354124	118168385970	1051032622	   45625.071	     405.806	 38.582927	-110.904300                                                                                                          
UT	4903	966232	293941	40771297374	1101648922	   15741.887	     425.349	 39.132153	-112.548081                                                                                                           
VT	5000	625741	322539	23871030489	1035236182	    9216.657	     399.707	 44.060548	 -72.673354                                                                                                           
VA	5101	786237	325446	9745229171	2198670640	    3762.654	     848.912	 37.874093	 -76.895356                                                                                                            
VA	5102	646184	266797	2488538522	4703077200	     960.830	    1815.868	 37.408136	 -75.886941                                                                                                            
VA	5103	663390	290088	2887961901	494850952	    1115.048	     191.063	 37.272749	 -76.968864                                                                                                             
VA	5104	738639	288459	11607366422	241226533	    4481.629	      93.138	 36.975937	 -77.324462                                                                                                            
VA	5105	685859	325944	23069623142	379418622	    8907.232	     146.494	 37.186115	 -78.850454                                                                                                            
VA	5106	704056	313974	14574183200	93910716	    5627.124	      36.259	 38.066263	 -79.317347                                                                                                             
VA	5107	757917	321407	9064014951	147933410	    3499.636	      57.117	 38.133406	 -77.927840                                                                                                             
VA	5108	701010	325055	317267807	6837076	     122.498	       2.640	 38.855947	 -77.214050                                                                                                                
VA	5109	656200	309354	22743432087	147430490	    8781.289	      56.923	 36.983357	 -81.350647                                                                                                            
VA	5110	869437	318897	4785054903	44298065	    1847.520	      17.104	 39.030028	 -77.901812                                                                                                              
VA	5111	792095	279518	996177203	50044959	     384.626	      19.322	 38.745900	 -77.368547                                                                                                               
WA	5301	739455	309078	1135427594	464288506	     438.391	     179.263	 47.764420	-122.471944                                                                                                             
WA	5302	760041	336957	16946421085	3711123987	    6543.050	    1432.873	 48.410553	-121.885384                                                                                                           
WA	5303	779348	329544	19443183161	1169339944	    7507.055	     451.485	 46.359758	-122.628008                                                                                                           
WA	5304	774409	302026	49320895796	1006504591	   19042.905	     388.614	 46.905199	-120.178064                                                                                                           
WA	5305	723609	321344	59212030313	784921472	   22861.894	     303.060	 47.736757	-118.343628                                                                                                            
WA	5306	709570	326456	17488994400	4759803935	    6752.539	    1837.771	 47.650364	-123.674033                                                                                                           
WA	5307	704225	345292	365722895	273332319	     141.206	     105.534	 47.538317	-122.380051                                                                                                              
WA	5308	810754	318808	6641586096	148083878	    2564.331	      57.176	 47.222494	-121.849376                                                                                                             
WA	5309	723129	296172	1564740270	224436954	     604.150	      86.656	 47.132572	-122.512691                                                                                                             
WV	5401	615991	288983	16253632336	176490542	    6275.563	      68.143	 39.381986	 -80.268497                                                                                                            
WV	5402	648186	305595	21880377874	163965235	    8448.061	      63.307	 38.833173	 -80.294902                                                                                                            
WV	5403	588817	287339	24124665391	156390094	    9314.586	      60.383	 37.959803	 -81.160419                                                                                                            
WI	5501	728042	315935	4339323145	122519069	    1675.422	      47.305	 42.700001	 -88.378414                                                                                                             
WI	5502	751169	331734	9049071936	279587572	    3493.866	     107.949	 43.063961	 -89.347713                                                                                                             
WI	5503	729957	318986	35046642686	822581233	   13531.585	     317.600	 43.970553	 -90.982330                                                                                                            
WI	5504	669015	291047	289883388	1692977	     111.925	       0.654	 43.048322	 -87.956916                                                                                                                
WI	5505	707580	303000	3288312730	83933349	    1269.625	      32.407	 43.215003	 -88.249690                                                                                                              
WI	5506	705102	323486	14541310805	522986268	    5614.432	     201.926	 43.848041	 -88.738963                                                                                                            
WI	5507	689279	368655	48567304049	1655269820	   18751.942	     639.103	 45.588489	 -90.846643                                                                                                           
WI	5508	706840	371510	25145649845	1056770690	    9708.790	     408.021	 45.190036	 -88.563259                                                                                                           
WY	5600	563626	261868	251470069067	1864445306	   97093.141	     719.866	 42.991802	-107.541925                                                                                                          
PR	7298	3725789	1636946	8867536532	4923745357	    3423.775	    1901.069	 18.217648	 -66.410799                                                                                                          
